1.000000,2.000000,3.000000,4.000000,3.000000
3.000000,4.000000,8.000000,9.000000,4.000000
10.000000,12.000000,4.000000,3.000000,8.000000
5.000000,6.000000,7.000000,8.000000,10.000000

1.000000,2.000000,3.000000,4.000000

0.000000,1.000000,0.500000,1.500000

0.000000,0.000000,1.000000,1.136364

0.000000,0.000000,0.000000,1.000000


1.000000,0.000000,0.000000,0.000000

3.000000,-2.000000,0.000000,0.000000

10.000000,-8.000000,-22.000000,0.000000

5.000000,-4.000000,-6.000000,0.818182
X:

6.444444

-3.861111

-7.611111

6.777778
